3,20,20,180,20,20,100
3,180,20,180,100,100,60
5,100,60,180,100,180,200,20,200,20,100
3,180,20,260,20,180,100
3,180,100,260,100,180,200
4,20,200,180,200,220,280,60,280
4,260,20,340,20,340,100,180,100
6,260,100,320,150,320,250,290,280,220,280,180,200
3,20,200,60,280,20,380
4,60,280,140,280,140,380,20,380
4,140,280,220,280,220,330,140,380
5,340,20,480,20,520,60,480,100,340,100
4,260,100,340,100,400,150,320,150
3,320,150,500,150,320,330
4,320,250,320,330,290,330,290,280
4,220,280,290,280,290,330,220,330
4,220,330,290,330,290,380,140,380
3,480,20,600,20,520,60
4,600,20,600,100,480,100,520,60
4,340,100,600,100,550,150,400,150
4,500,150,550,150,550,220,380,270
4,600,20,720,20,670,100,600,100
8,600,100,670,100,720,150,720,220,670,270,600,270,550,220,550,150
4,550,220,600,270,480,320,465,245
4,465,245,480,320,380,380,380,270
4,720,20,780,100,720,150,670,100
4,780,100,780,220,720,220,720,150
4,720,220,780,220,780,380,670,270
4,600,270,670,270,670,380,600,380
3,600,270,600,380,480,320
3,480,320,600,380,380,380
3,720,20,780,20,780,100
3,670,270,780,380,670,380
5,380,270,380,380,290,380,290,330,320,330